160
51200 51200
0 10311 0 2510 1834 MM47<1>
0 13221 0 2510 1834 MM47<4>
0 13221 2234 2510 1834 MM47<3>
0 16131 0 2510 1834 MM47<2>
0 10311 2234 1919 1258 MM33
0 12630 6126 1799 1450 MM35
0 10311 3892 1799 1450 MM39
0 19041 0 1799 1450 MM43
0 16131 2234 2036 1258 MM34
0 16131 3892 2036 1258 MM38
0 13221 4468 2036 1258 MM42
0 0 0 2510 1834 MM48<1>
0 2910 0 2510 1834 MM48<2>
0 0 2234 2510 1834 MM48<3>
0 5820 0 1751 1450 MM40
0 14829 6126 3932 1258 MM44
0 2910 2234 1751 1450 MM36
0 2910 5166 2885 1450 MM45
0 0 4468 1799 1258 MM0
0 7971 0 1940 1258 MM37
0 5820 1850 1940 1258 MM41
0 5061 3508 4208 1258 MM46
0 46206 7976 4046 2026 MMS9
0 40674 10034 5132 1258 MM10
0 3239 9634 1940 1258 MM14
0 21240 1658 2318 1258 MM31
0 2341 9634 1940 1258 MM13
0 7921 7976 1799 1450 MM17
0 14498 7976 1799 1450 MM18
0 10120 7976 2510 1258 MM15
0 11588 7976 2510 1258 MM16
0 0 7976 1940 1258 MM11
0 2340 7976 2696 1258 MM12
0 5579 9634 1940 1258 MM20
0 1 9634 1940 1258 MM19
0 34076 7976 1799 1450 MM6
0 33319 7976 1799 1450 MM5
0 16699 7976 1751 1450 MM3LDM
0 21379 9634 1751 1450 MM3
0 19039 9634 1751 1450 MM3RDM
0 26768 7976 1751 1450 MM4LDM
0 22088 9634 1751 1450 MM4
0 24428 9634 1751 1450 MM4RDM
0 28921 7976 1799 1258 MNDM_1
0 36275 7976 1799 1258 MM8
0 31120 7976 1799 1258 MM7
0 38474 7976 1799 1258 MNDM_1_2
0 31120 9634 1799 1258 MNDM_1_3
0 34076 9826 1799 1258 MM8_2
0 33319 9826 1799 1258 MM7_2
0 36275 9634 1799 1258 MNDM_1_4
0 21190 7976 1940 1258 MM1
0 22088 7976 1940 1258 MM2
0 18850 7976 1940 1258 MM1_2
0 24428 7976 1940 1258 MM2_2
0 36750 0 2318 1258 MM22
0 39468 0 1751 1258 MM21DM
0 36750 1658 1751 1258 MM21
0 41619 0 1751 1258 MNDM
0 41620 1658 1799 1258 MM23DM
0 43819 1658 2036 1258 MM23
0 44056 3316 1799 1258 MM23DM_2
0 47249 1658 1799 1258 MM24DM
0 44813 1658 2036 1258 MM24_2
0 44813 3316 1799 1258 MM24DM_2
0 21240 0 2510 1258 MM32
0 28453 0 2318 1258 MM25
0 29729 0 2318 1258 MM26
0 29729 1658 1751 1450 MM28DM
0 32447 0 1751 1450 MM28
0 34598 0 1751 1450 MM28DM_R
0 41668 3316 1751 1258 MM29DM
0 39469 1658 1751 1258 MM29
0 41905 4974 1751 1258 MM29DMR
0 47249 3316 1751 1258 MM30DM
0 49448 1658 1751 1258 MM30
0 47012 4974 1751 1258 MM30DMR
0 29020 1658 1751 1450 MM27DM
0 26302 0 1751 1450 MM27
0 24151 0 1751 1450 MM27DM_R
1 10902 380 1328 1074 MM47<1>
1 13812 380 1328 1074 MM47<4>
1 13812 2614 1328 1074 MM47<3>
1 16722 380 1328 1074 MM47<2>
1 10902 2614 737 498 MM33
1 13221 6506 617 690 MM35
1 10902 4272 617 690 MM39
1 19632 380 617 690 MM43
1 16722 2614 854 498 MM34
1 16722 4272 854 498 MM38
1 13812 4848 854 498 MM42
1 591 380 1328 1074 MM48<1>
1 3501 380 1328 1074 MM48<2>
1 591 2614 1328 1074 MM48<3>
1 6411 380 569 690 MM40
1 15420 6506 2750 498 MM44
1 3501 2614 569 690 MM36
1 3501 5546 1703 690 MM45
1 591 4848 617 498 MM0
1 8562 380 758 498 MM37
1 6411 2230 758 498 MM41
1 5652 3888 3026 498 MM46
1 46797 8356 2864 1266 MMS9
1 41265 10414 3950 498 MM10
1 3830 10014 758 498 MM14
1 21831 2038 1136 498 MM31
1 2932 10014 758 498 MM13
1 8512 8356 617 690 MM17
1 15089 8356 617 690 MM18
1 10711 8356 1328 498 MM15
1 12179 8356 1328 498 MM16
1 591 8356 758 498 MM11
1 2931 8356 1514 498 MM12
1 6170 10014 758 498 MM20
1 592 10014 758 498 MM19
1 34667 8356 617 690 MM6
1 33910 8356 617 690 MM5
1 17290 8356 569 690 MM3LDM
1 21970 10014 569 690 MM3
1 19630 10014 569 690 MM3RDM
1 27359 8356 569 690 MM4LDM
1 22679 10014 569 690 MM4
1 25019 10014 569 690 MM4RDM
1 29512 8356 617 498 MNDM_1
1 36866 8356 617 498 MM8
1 31711 8356 617 498 MM7
1 39065 8356 617 498 MNDM_1_2
1 31711 10014 617 498 MNDM_1_3
1 34667 10206 617 498 MM8_2
1 33910 10206 617 498 MM7_2
1 36866 10014 617 498 MNDM_1_4
1 21781 8356 758 498 MM1
1 22679 8356 758 498 MM2
1 19441 8356 758 498 MM1_2
1 25019 8356 758 498 MM2_2
1 37341 380 1136 498 MM22
1 40059 380 569 498 MM21DM
1 37341 2038 569 498 MM21
1 42210 380 569 498 MNDM
1 42211 2038 617 498 MM23DM
1 44410 2038 854 498 MM23
1 44647 3696 617 498 MM23DM_2
1 47840 2038 617 498 MM24DM
1 45404 2038 854 498 MM24_2
1 45404 3696 617 498 MM24DM_2
1 21831 380 1328 498 MM32
1 29044 380 1136 498 MM25
1 30320 380 1136 498 MM26
1 30320 2038 569 690 MM28DM
1 33038 380 569 690 MM28
1 35189 380 569 690 MM28DM_R
1 42259 3696 569 498 MM29DM
1 40060 2038 569 498 MM29
1 42496 5354 569 498 MM29DMR
1 47840 3696 569 498 MM30DM
1 50039 2038 569 498 MM30
1 47603 5354 569 498 MM30DMR
1 29611 2038 569 690 MM27DM
1 26893 380 569 690 MM27
1 24742 380 569 690 MM27DM_R
