88
42737 42737
0 22887 3508 3458 1834 MM47<1>
0 26745 3508 3458 1834 MM47<2>
0 22887 0 3695 1450 MM35
0 26982 0 3221 1258 MM34
0 22887 1850 3932 1258 MM44
0 19083 0 2510 1834 MM48<1>
0 13974 0 2510 1834 MM48<2>
0 19977 2234 2510 1834 MM48<3>
0 16884 1658 1751 1450 MM40
0 13974 2234 1751 1450 MM36
0 13974 4084 2885 1450 MM45
0 16884 0 1799 1258 MM0
0 17259 3508 2318 1258 MM37
0 17259 5166 4208 1258 MM46
0 1 1850 2318 1258 MM1
0 1277 1850 2318 1258 MM2
0 190 0 2129 1450 MM3
0 1277 0 2129 1450 MM4
0 7664 2426 1799 1450 MM6
0 6907 2426 1799 1450 MM5
0 9863 2426 2510 1258 MM8
0 3997 2426 2510 1258 MM7
0 3996 0 4046 2026 MMS9
0 8442 0 5132 1258 MM10
0 33699 3508 1940 1258 MM11
0 30603 3508 2696 1258 MM12
0 32447 5166 2885 1258 MM14
0 30604 5166 2885 1258 MM13
0 31315 0 1799 1450 MM17
0 32072 0 1799 1450 MM18
0 30604 1850 2510 1258 MM15
0 32072 1850 2510 1258 MM16
0 36040 3316 2318 1258 MM25
0 37316 3316 2318 1258 MM26
0 36229 4974 2129 1450 MM27
0 37316 4974 2129 1450 MM28
0 36039 0 2318 1258 MM22
0 36039 1658 2129 1258 MM21
0 38758 1658 2510 1258 MM23
0 40226 1658 2510 1258 MM24_2
0 39139 0 2129 1258 MM29
0 40226 0 2129 1258 MM30
0 2910 4276 2318 1258 MM31
0 0 4276 2510 1258 MM32
1 23478 3888 2276 1074 MM47<1>
1 27336 3888 2276 1074 MM47<2>
1 23478 380 2513 690 MM35
1 27573 380 2039 498 MM34
1 23478 2230 2750 498 MM44
1 19674 380 1328 1074 MM48<1>
1 14565 380 1328 1074 MM48<2>
1 20568 2614 1328 1074 MM48<3>
1 17475 2038 569 690 MM40
1 14565 2614 569 690 MM36
1 14565 4464 1703 690 MM45
1 17475 380 617 498 MM0
1 17850 3888 1136 498 MM37
1 17850 5546 3026 498 MM46
1 592 2230 1136 498 MM1
1 1868 2230 1136 498 MM2
1 781 380 947 690 MM3
1 1868 380 947 690 MM4
1 8255 2806 617 690 MM6
1 7498 2806 617 690 MM5
1 10454 2806 1328 498 MM8
1 4588 2806 1328 498 MM7
1 4587 380 2864 1266 MMS9
1 9033 380 3950 498 MM10
1 34290 3888 758 498 MM11
1 31194 3888 1514 498 MM12
1 33038 5546 1703 498 MM14
1 31195 5546 1703 498 MM13
1 31906 380 617 690 MM17
1 32663 380 617 690 MM18
1 31195 2230 1328 498 MM15
1 32663 2230 1328 498 MM16
1 36631 3696 1136 498 MM25
1 37907 3696 1136 498 MM26
1 36820 5354 947 690 MM27
1 37907 5354 947 690 MM28
1 36630 380 1136 498 MM22
1 36630 2038 947 498 MM21
1 39349 2038 1328 498 MM23
1 40817 2038 1328 498 MM24_2
1 39730 380 947 498 MM29
1 40817 380 947 498 MM30
1 3501 4656 1136 498 MM31
1 591 4656 1328 498 MM32
