64
13574 13574
0 9979 1850 2318 1258 MM1
0 11255 1850 2318 1258 MM2
0 10168 0 2129 1450 MM3
0 11255 0 2129 1450 MM4
0 9979 0 3594 3108 .
0 6578 2426 1799 1450 MM6
0 1 2426 1799 1450 MM5
0 3668 2426 2510 1258 MM8
0 2200 2426 2510 1258 MM7
0 0 2426 8377 1450 .
0 5532 0 4046 2026 MMS9
0 0 0 5132 1258 MM10
0 3096 4276 1940 1258 MM11
0 0 4276 2696 1258 MM12
0 7280 4276 2885 1258 MM14
0 5437 4276 2885 1258 MM13
0 1 5934 1799 1450 MM17
0 6578 5934 1799 1450 MM18
0 2200 5934 2510 1258 MM15
0 3668 5934 2510 1258 MM16
0 0 5934 8377 1450 .
0 1 7784 2318 1258 MM25
0 1277 7784 2318 1258 MM26
0 190 9442 2129 1450 MM27
0 1277 9442 2129 1450 MM28
0 1 7784 3595 3108 .
0 3996 7784 2318 1258 MM22
0 6714 7784 2129 1258 MM21
0 6526 9442 2510 1258 MM23
0 7994 9442 2510 1258 MM24_2
0 3997 9442 2129 1258 MM29
0 10904 9442 2129 1258 MM30
0 10566 4276 2318 1258 MM31
0 10566 5934 2510 1258 MM32
1 10570 2230 1136 498 MM1
1 11846 2230 1136 498 MM2
1 10759 380 947 690 MM3
1 11846 380 947 690 MM4
1 7169 2806 617 690 MM6
1 592 2806 617 690 MM5
1 4259 2806 1328 498 MM8
1 2791 2806 1328 498 MM7
1 6123 380 2864 1266 MMS9
1 591 380 3950 498 MM10
1 3687 4656 758 498 MM11
1 591 4656 1514 498 MM12
1 7871 4656 1703 498 MM14
1 6028 4656 1703 498 MM13
1 592 6314 617 690 MM17
1 7169 6314 617 690 MM18
1 2791 6314 1328 498 MM15
1 4259 6314 1328 498 MM16
1 592 8164 1136 498 MM25
1 1868 8164 1136 498 MM26
1 781 9822 947 690 MM27
1 1868 9822 947 690 MM28
1 4587 8164 1136 498 MM22
1 7305 8164 947 498 MM21
1 7117 9822 1328 498 MM23
1 8585 9822 1328 498 MM24_2
1 4588 9822 947 498 MM29
1 11495 9822 947 498 MM30
1 11157 4656 1136 498 MM31
1 11157 6314 1328 498 MM32
