160
35657 35657
0 10311 0 2510 1834 MM47<1>
0 13221 0 2510 1834 MM47<4>
0 10311 2234 2510 1834 MM47<3>
0 16131 0 2510 1834 MM47<2>
0 8535 4468 1919 1258 MM33
0 19041 1850 1799 1450 MM35
0 19041 3700 1799 1450 MM39
0 19041 0 1799 1450 MM43
0 15726 3892 2036 1258 MM34
0 13290 3892 2036 1258 MM38
0 10854 4468 2036 1258 MM42
0 0 0 2510 1834 MM48<1>
0 2910 0 2510 1834 MM48<2>
0 0 2234 2510 1834 MM48<3>
0 5820 0 1751 1450 MM40
0 13221 2234 3932 1258 MM44
0 2910 2234 1751 1450 MM36
0 2910 4084 2885 1450 MM45
0 0 4468 1799 1258 MM0
0 7971 0 1940 1258 MM37
0 6195 3892 1940 1258 MM41
0 5061 2234 4208 1258 MM46
0 31611 8866 4046 2026 MMS9
0 25014 10716 5132 1258 MM10
0 2340 9442 1940 1258 MM14
0 21240 1658 2318 1258 MM31
0 0 9442 1940 1258 MM13
0 6147 7784 1799 1450 MM17
0 8346 7784 1799 1450 MM18
0 5436 6126 2510 1258 MM15
0 8346 6126 2510 1258 MM16
0 0 6126 1940 1258 MM11
0 2340 6126 2696 1258 MM12
0 2340 7784 1940 1258 MM20
0 0 7784 1940 1258 MM19
0 27213 7208 1799 1450 MM6
0 25014 7208 1799 1450 MM5
0 13785 9634 1751 1450 MM3LDM
0 13785 7784 1751 1450 MM3
0 11634 7784 1751 1450 MM3RDM
0 15936 9634 1751 1450 MM4LDM
0 15936 7784 1751 1450 MM4
0 18087 7784 1751 1450 MM4RDM
0 20616 7208 1799 1258 MNDM_1
0 29412 7208 1799 1258 MM8
0 22815 7208 1799 1258 MM7
0 31611 7208 1799 1258 MNDM_1_2
0 22815 8866 1799 1258 MNDM_1_3
0 27213 9058 1799 1258 MM8_2
0 25014 9058 1799 1258 MM7_2
0 29412 8866 1799 1258 MNDM_1_4
0 13596 6126 1940 1258 MM1
0 15936 6126 1940 1258 MM2
0 11256 6126 1940 1258 MM1_2
0 18276 6126 1940 1258 MM2_2
0 7824 16458 2318 1258 MM22
0 12693 16458 1751 1258 MM21DM
0 10542 16458 1751 1258 MM21
0 5673 16458 1751 1258 MNDM
0 7824 14800 1799 1258 MM23DM
0 7587 11484 2036 1258 MM23
0 7824 13142 1799 1258 MM23DM_2
0 10023 14800 1799 1258 MM24DM
0 10023 11484 2036 1258 MM24_2
0 10023 13142 1799 1258 MM24DM_2
0 21240 0 2510 1258 MM32
0 0 17034 2318 1258 MM25
0 2718 17034 2318 1258 MM26
0 2718 15184 1751 1450 MM28DM
0 2718 13334 1751 1450 MM28
0 2718 11484 1751 1450 MM28DM_R
0 5673 14800 1751 1258 MM29DM
0 5673 13142 1751 1258 MM29
0 5436 11484 1751 1258 MM29DMR
0 12222 14800 1751 1258 MM30DM
0 12222 13142 1751 1258 MM30
0 12459 11484 1751 1258 MM30DMR
0 567 15184 1751 1450 MM27DM
0 567 13334 1751 1450 MM27
0 567 11484 1751 1450 MM27DM_R
1 10902 380 1328 1074 MM47<1>
1 13812 380 1328 1074 MM47<4>
1 10902 2614 1328 1074 MM47<3>
1 16722 380 1328 1074 MM47<2>
1 9126 4848 737 498 MM33
1 19632 2230 617 690 MM35
1 19632 4080 617 690 MM39
1 19632 380 617 690 MM43
1 16317 4272 854 498 MM34
1 13881 4272 854 498 MM38
1 11445 4848 854 498 MM42
1 591 380 1328 1074 MM48<1>
1 3501 380 1328 1074 MM48<2>
1 591 2614 1328 1074 MM48<3>
1 6411 380 569 690 MM40
1 13812 2614 2750 498 MM44
1 3501 2614 569 690 MM36
1 3501 4464 1703 690 MM45
1 591 4848 617 498 MM0
1 8562 380 758 498 MM37
1 6786 4272 758 498 MM41
1 5652 2614 3026 498 MM46
1 32202 9246 2864 1266 MMS9
1 25605 11096 3950 498 MM10
1 2931 9822 758 498 MM14
1 21831 2038 1136 498 MM31
1 591 9822 758 498 MM13
1 6738 8164 617 690 MM17
1 8937 8164 617 690 MM18
1 6027 6506 1328 498 MM15
1 8937 6506 1328 498 MM16
1 591 6506 758 498 MM11
1 2931 6506 1514 498 MM12
1 2931 8164 758 498 MM20
1 591 8164 758 498 MM19
1 27804 7588 617 690 MM6
1 25605 7588 617 690 MM5
1 14376 10014 569 690 MM3LDM
1 14376 8164 569 690 MM3
1 12225 8164 569 690 MM3RDM
1 16527 10014 569 690 MM4LDM
1 16527 8164 569 690 MM4
1 18678 8164 569 690 MM4RDM
1 21207 7588 617 498 MNDM_1
1 30003 7588 617 498 MM8
1 23406 7588 617 498 MM7
1 32202 7588 617 498 MNDM_1_2
1 23406 9246 617 498 MNDM_1_3
1 27804 9438 617 498 MM8_2
1 25605 9438 617 498 MM7_2
1 30003 9246 617 498 MNDM_1_4
1 14187 6506 758 498 MM1
1 16527 6506 758 498 MM2
1 11847 6506 758 498 MM1_2
1 18867 6506 758 498 MM2_2
1 8415 16838 1136 498 MM22
1 13284 16838 569 498 MM21DM
1 11133 16838 569 498 MM21
1 6264 16838 569 498 MNDM
1 8415 15180 617 498 MM23DM
1 8178 11864 854 498 MM23
1 8415 13522 617 498 MM23DM_2
1 10614 15180 617 498 MM24DM
1 10614 11864 854 498 MM24_2
1 10614 13522 617 498 MM24DM_2
1 21831 380 1328 498 MM32
1 591 17414 1136 498 MM25
1 3309 17414 1136 498 MM26
1 3309 15564 569 690 MM28DM
1 3309 13714 569 690 MM28
1 3309 11864 569 690 MM28DM_R
1 6264 15180 569 498 MM29DM
1 6264 13522 569 498 MM29
1 6027 11864 569 498 MM29DMR
1 12813 15180 569 498 MM30DM
1 12813 13522 569 498 MM30
1 13050 11864 569 498 MM30DMR
1 1158 15564 569 690 MM27DM
1 1158 13714 569 690 MM27
1 1158 11864 569 690 MM27DM_R
