88
27646 27646
0 17178 6126 3466 1834 MM47<1>
0 21044 6126 3466 1834 MM47<2>
0 13550 8360 3704 1450 MM35
0 13550 6126 3228 1258 MM34
0 17654 8360 3942 1258 MM44
0 7536 7976 2514 1834 MM48<1>
0 10450 7976 2514 1834 MM48<2>
0 0 6126 2514 1834 MM48<3>
0 5114 6126 1752 1450 MM40
0 0 8360 1752 1450 MM36
0 10258 6126 2892 1450 MM45
0 2914 6126 1800 1258 MM0
0 7536 6126 2322 1258 MM37
0 2914 7976 4222 1258 MM46
0 9259 4276 2322 1258 MM1
0 15603 4276 2322 1258 MM2
0 11981 4276 2132 1450 MM3
0 13071 4276 2132 1450 MM4
0 12931 2426 1800 1450 MM6
0 12173 2426 1800 1450 MM5
0 15131 2426 2514 1258 MM8
0 9259 2426 2514 1258 MM7
0 9258 0 4058 2026 MMS9
0 13716 0 5142 1258 MM10
0 19258 0 1942 1258 MM11
0 19258 2058 2702 1258 MM12
0 23451 0 2892 1258 MM14
0 21601 0 2892 1258 MM13
0 22173 3716 1800 1450 MM17
0 22931 3716 1800 1450 MM18
0 19259 3716 2514 1258 MM15
0 25131 3716 2514 1258 MM16
0 1 1850 2322 1258 MM25
0 1281 1850 2322 1258 MM26
0 191 0 2132 1450 MM27
0 1281 0 2132 1450 MM28
0 4004 0 2322 1258 MM22
0 6726 0 2132 1258 MM21
0 4005 3316 2514 1258 MM23
0 5477 3316 2514 1258 MM24_2
0 4387 1658 2132 1258 MM29
0 5477 1658 2132 1258 MM30
0 24910 5566 2322 1258 MM31
0 24910 7224 2514 1258 MM32
1 17769 6506 2284 1074 MM47<1>
1 21635 6506 2284 1074 MM47<2>
1 14141 8740 2522 690 MM35
1 14141 6506 2046 498 MM34
1 18245 8740 2760 498 MM44
1 8127 8356 1332 1074 MM48<1>
1 11041 8356 1332 1074 MM48<2>
1 591 6506 1332 1074 MM48<3>
1 5705 6506 570 690 MM40
1 591 8740 570 690 MM36
1 10849 6506 1710 690 MM45
1 3505 6506 618 498 MM0
1 8127 6506 1140 498 MM37
1 3505 8356 3040 498 MM46
1 9850 4656 1140 498 MM1
1 16194 4656 1140 498 MM2
1 12572 4656 950 690 MM3
1 13662 4656 950 690 MM4
1 13522 2806 618 690 MM6
1 12764 2806 618 690 MM5
1 15722 2806 1332 498 MM8
1 9850 2806 1332 498 MM7
1 9849 380 2876 1266 MMS9
1 14307 380 3960 498 MM10
1 19849 380 760 498 MM11
1 19849 2438 1520 498 MM12
1 24042 380 1710 498 MM14
1 22192 380 1710 498 MM13
1 22764 4096 618 690 MM17
1 23522 4096 618 690 MM18
1 19850 4096 1332 498 MM15
1 25722 4096 1332 498 MM16
1 592 2230 1140 498 MM25
1 1872 2230 1140 498 MM26
1 782 380 950 690 MM27
1 1872 380 950 690 MM28
1 4595 380 1140 498 MM22
1 7317 380 950 498 MM21
1 4596 3696 1332 498 MM23
1 6068 3696 1332 498 MM24_2
1 4978 2038 950 498 MM29
1 6068 2038 950 498 MM30
1 25501 5946 1140 498 MM31
1 25501 7604 1332 498 MM32
