94
14786 14786
0 3713 3954 3458 1834 MM47<1>
0 6129 3954 3458 1834 MM47<2>
0 1514 4146 1799 1450 MM35
0 757 4146 1799 1450 MM39
0 0 4146 1799 1450 MM43
0 0 3508 3221 1258 MM34
0 0 6188 2510 1834 MM48<1>
0 1468 6188 2510 1834 MM48<2>
0 2936 6188 2510 1834 MM48<3>
0 10454 5996 1751 1450 MM40
0 6906 2296 3932 1258 MM44
0 11238 2296 1751 1450 MM36
0 9987 4146 2885 1450 MM45
0 7642 6188 1799 1258 MM0
0 6744 6188 1940 1258 MM37
0 5846 6188 1940 1258 MM41
0 5846 6826 4208 1258 MM46
0 6523 10272 2318 1258 MM1
0 7799 10272 2318 1258 MM2
0 3994 10272 2129 1450 MM3
0 10517 10272 2129 1450 MM4
0 7757 12122 1799 1450 MM6
0 7000 12122 1799 1450 MM5
0 8514 12122 2510 1258 MM8
0 5532 12122 2510 1258 MM7
0 0 12122 4046 2026 MMS9
0 0 13528 5132 1258 MM10
0 1654 10080 1940 1258 MM11
0 0 10080 2696 1258 MM12
0 1843 8422 2885 1258 MM14
0 0 8422 2885 1258 MM13
0 5128 8422 1799 1450 MM17
0 8821 8422 1799 1450 MM18
0 5885 8422 2510 1258 MM15
0 7353 8422 2510 1258 MM16
0 2911 1850 2318 1258 MM25
0 4187 1850 2318 1258 MM26
0 3100 0 2129 1450 MM27
0 4187 0 2129 1450 MM28
0 6906 638 2318 1258 MM22
0 6906 0 2129 1258 MM21
0 9625 638 2510 1258 MM23
0 11093 638 2510 1258 MM24_2
0 10006 0 2129 1258 MM29
0 11093 0 2129 1258 MM30
0 0 0 2318 1258 MM31
0 0 1658 2510 1258 MM32
1 4304 4334 2276 1074 MM47<1>
1 6720 4334 2276 1074 MM47<2>
1 2105 4526 617 690 MM35
1 1348 4526 617 690 MM39
1 591 4526 617 690 MM43
1 591 3888 2039 498 MM34
1 591 6568 1328 1074 MM48<1>
1 2059 6568 1328 1074 MM48<2>
1 3527 6568 1328 1074 MM48<3>
1 11045 6376 569 690 MM40
1 7497 2676 2750 498 MM44
1 11829 2676 569 690 MM36
1 10578 4526 1703 690 MM45
1 8233 6568 617 498 MM0
1 7335 6568 758 498 MM37
1 6437 6568 758 498 MM41
1 6437 7206 3026 498 MM46
1 7114 10652 1136 498 MM1
1 8390 10652 1136 498 MM2
1 4585 10652 947 690 MM3
1 11108 10652 947 690 MM4
1 8348 12502 617 690 MM6
1 7591 12502 617 690 MM5
1 9105 12502 1328 498 MM8
1 6123 12502 1328 498 MM7
1 591 12502 2864 1266 MMS9
1 591 13908 3950 498 MM10
1 2245 10460 758 498 MM11
1 591 10460 1514 498 MM12
1 2434 8802 1703 498 MM14
1 591 8802 1703 498 MM13
1 5719 8802 617 690 MM17
1 9412 8802 617 690 MM18
1 6476 8802 1328 498 MM15
1 7944 8802 1328 498 MM16
1 3502 2230 1136 498 MM25
1 4778 2230 1136 498 MM26
1 3691 380 947 690 MM27
1 4778 380 947 690 MM28
1 7497 1018 1136 498 MM22
1 7497 380 947 498 MM21
1 10216 1018 1328 498 MM23
1 11684 1018 1328 498 MM24_2
1 10597 380 947 498 MM29
1 11684 380 947 498 MM30
1 591 380 1136 498 MM31
1 591 2038 1328 498 MM32
