94
14786 14786
0 3713 3954 3528 1834 MM47<1>
0 6059 3954 3528 1834 MM47<2>
0 1444 4146 1869 1450 MM35
0 687 4146 1939 1450 MM39
0 0 4146 1869 1450 MM43
0 0 3508 3221 1258 MM34
0 0 6188 2580 1834 MM48<1>
0 1398 6188 2650 1834 MM48<2>
0 2866 6188 2580 1834 MM48<3>
0 10454 5996 1751 1450 MM40
0 6906 2296 3932 1258 MM44
0 11020 7846 1751 1450 MM36
0 9987 4146 2885 1450 MM45
0 7572 6188 1869 1258 MM0
0 6674 6188 2080 1258 MM37
0 5846 6188 2010 1258 MM41
0 5846 6826 4208 1258 MM46
0 6523 10272 2388 1258 MM1
0 7729 10272 2388 1258 MM2
0 3994 10272 2129 1450 MM3
0 10517 10272 2129 1450 MM4
0 7687 12122 1869 1450 MM6
0 7000 12122 1869 1450 MM5
0 8514 12122 2510 1258 MM8
0 5532 12122 2510 1258 MM7
0 0 12122 4046 2026 MMS9
0 0 13528 5132 1258 MM10
0 1584 10080 2010 1258 MM11
0 0 10080 2766 1258 MM12
0 1773 8422 2955 1258 MM14
0 0 8422 2955 1258 MM13
0 5128 8422 1799 1450 MM17
0 8821 8422 1799 1450 MM18
0 5885 8422 2580 1258 MM15
0 7283 8422 2580 1258 MM16
0 2911 1850 2388 1258 MM25
0 4117 1850 2388 1258 MM26
0 2718 0 2129 1450 MM27
0 5247 0 2129 1450 MM28
0 11238 2934 2318 1258 MM22
0 11238 2296 2129 1258 MM21
0 9625 638 2580 1258 MM23
0 11023 638 2580 1258 MM24_2
0 10006 0 2199 1258 MM29
0 11023 0 2199 1258 MM30
0 0 0 2318 1258 MM31
0 0 1658 2510 1258 MM32
1 4304 4334 2346 1074 MM47<1>
1 6650 4334 2346 1074 MM47<2>
1 2035 4526 687 690 MM35
1 1278 4526 757 690 MM39
1 591 4526 687 690 MM43
1 591 3888 2039 498 MM34
1 591 6568 1398 1074 MM48<1>
1 1989 6568 1468 1074 MM48<2>
1 3457 6568 1398 1074 MM48<3>
1 11045 6376 569 690 MM40
1 7497 2676 2750 498 MM44
1 11611 8226 569 690 MM36
1 10578 4526 1703 690 MM45
1 8163 6568 687 498 MM0
1 7265 6568 898 498 MM37
1 6437 6568 828 498 MM41
1 6437 7206 3026 498 MM46
1 7114 10652 1206 498 MM1
1 8320 10652 1206 498 MM2
1 4585 10652 947 690 MM3
1 11108 10652 947 690 MM4
1 8278 12502 687 690 MM6
1 7591 12502 687 690 MM5
1 9105 12502 1328 498 MM8
1 6123 12502 1328 498 MM7
1 591 12502 2864 1266 MMS9
1 591 13908 3950 498 MM10
1 2175 10460 828 498 MM11
1 591 10460 1584 498 MM12
1 2364 8802 1773 498 MM14
1 591 8802 1773 498 MM13
1 5719 8802 617 690 MM17
1 9412 8802 617 690 MM18
1 6476 8802 1398 498 MM15
1 7874 8802 1398 498 MM16
1 3502 2230 1206 498 MM25
1 4708 2230 1206 498 MM26
1 3309 380 947 690 MM27
1 5838 380 947 690 MM28
1 11829 3314 1136 498 MM22
1 11829 2676 947 498 MM21
1 10216 1018 1398 498 MM23
1 11614 1018 1398 498 MM24_2
1 10597 380 1017 498 MM29
1 11614 380 1017 498 MM30
1 591 380 1136 498 MM31
1 591 2038 1328 498 MM32
