36
17807 17807
1 3175 380 1415 786 MM1
0 2584 0 2597 1546  .
1 4730 380 1415 786 MM5
0 4139 0 2597 1546  .
1 2968 2326 1622 1266 MM3
0 2377 1946 2804 2026  .
1 4730 2326 1622 1266 MM7
0 4139 1946 2804 2026  .
1 591 380 794 4146 MM9
0 0 0 1976 4906  .
1 10834 1990 2036 786 MM2
0 10243 1610 3218 1546  .
1 13010 1990 2036 786 MM6
0 12419 1610 3218 1546  .
1 11869 3936 1001 1266 MM4
0 11278 3556 2183 2026  .
1 13010 3936 1001 1266 MM8
0 12419 3556 2183 2026  .
1 16629 4336 587 786 MM10
0 16038 3956 1769 1546  .
1 7936 1990 587 450 MM11
0 7345 1610 1769 1210  .
1 8663 1990 587 450 MM12
0 8072 1610 1769 1210  .
1 7936 3600 587 450 MM13
0 7345 3220 1769 1210  .
1 8663 3600 587 450 MM14
0 8072 3220 1769 1210  .
1 12273 380 587 450 MM15
0 11682 0 1769 1210  .
1 7935 380 587 450 MM16
0 7344 0 1769 1210  .
1 14442 380 587 450 MM17
0 13851 0 1769 1210  .
1 10104 380 587 450 MM18
0 9513 0 1769 1210  .
